,,,,Goalie Stats,Goalie Stats,Goalie Stats,Goalie Stats,Goalie Stats,Goalie Stats,,,,Goalie Stats,Goalie Stats,,Goalie Stats,Goalie Stats,Goalie Stats,Goalie Stats,Goalie Stats,Goalie Stats,Scoring,Scoring,Scoring,Scoring
Rk,Player,Age,Tm,GP,GS,W,L,T/O,GA,SA,SV,SV%,GAA,SO,GPS,MIN,QS,QS%,RBS,GA%-,GSAA,G,A,PTS,PIM
1,Sami Aittokallio\aittosa01,20,COL,1,1,0,0,0,2,25,23,.920,2.43,0,0.2,49,1,1.000,0,,,0,0,0,0
2,Jake Allen\allenja01,22,STL,15,13,9,4,0,33,346,313,.905,2.46,1,1.8,804,6,.462,4,108,-2.53,0,0,0,0
3,Craig Anderson\andercr01,31,OTT,24,24,12,9,2,40,677,637,.941,1.69,3,6.5,1421,17,.708,1,67,19.63,0,0,0,0
4,Richard Bachman\bachmri01,25,DAL,13,8,6,5,0,33,288,255,.885,3.25,0,0.9,609,4,.500,3,130,-7.63,0,0,0,0
5,Niklas Backstrom\backsni01,34,MIN,42,41,24,15,3,98,1072,974,.909,2.48,2,6.2,2368,18,.439,8,104,-3.58,0,0,0,2
6,Jonathan Bernier\bernijo01,24,LAK,14,12,9,3,1,24,306,282,.922,1.87,1,2.2,768,8,.667,1,89,2.95,0,1,1,0
7,Martin Biron\bironma01,35,NYR,6,5,2,2,1,13,156,143,.917,2.32,0,1.0,336,2,.400,1,,,0,0,0,0
8,Ben Bishop\bishobe01,26,TOT,22,21,11,9,1,56,701,645,.920,2.67,2,5.0,1260,14,.667,3,91,5.74,0,0,0,2
8,Ben Bishop\bishobe01,26,OTT,13,12,8,5,0,31,399,368,.922,2.45,1,3.0,758,8,.667,3,88,4.14,0,0,0,0
8,Ben Bishop\bishobe01,26,TBL,9,9,3,4,1,25,302,277,.917,2.99,1,2.0,502,6,.667,0,94,1.60,0,0,0,2
9,Sergei Bobrovsky\bobrose01,24,CBJ,38,37,21,11,6,74,1084,1010,.932,2.00,4,9.2,2219,26,.703,4,78,21.48,0,0,0,0
10,Brian Boucher\bouchbr01,36,PHI,4,1,0,2,0,6,55,49,.891,2.50,0,0.2,144,0,.000,0,,,0,0,0,0
11,Martin Brodeur*\brodema01,40,NJD,29,29,13,9,7,65,654,589,.901,2.22,2,3.1,1757,15,.517,6,113,-7.40,1,2,3,0
12,Ilya Bryzgalov\bryzgil01,32,PHI,40,40,19,17,3,107,1066,959,.900,2.79,1,5.0,2298,20,.500,10,114,-13.11,0,3,3,0
13,Peter Budaj\budajpe01,30,MTL,13,10,8,1,1,25,273,248,.908,2.28,1,1.6,656,6,.600,2,104,-0.95,0,0,0,0
14,Scott Clemmensen\clemmsc01,35,FLA,19,11,3,7,2,53,421,368,.874,3.67,0,0.7,866,3,.273,4,143,-15.92,0,0,0,0
15,Corey Crawford\crawfco01,28,CHI,30,28,19,5,5,57,769,712,.926,1.94,3,6.0,1761,19,.679,1,84,10.73,0,0,0,4
16,Yann Danis\danisya01,31,EDM,3,0,1,0,0,7,59,52,.881,3.81,0,0.1,110,0,,0,,,0,0,0,0
17,Cedrick Desjardins\desjace01,27,TBL,3,2,0,3,0,8,73,65,.890,3.00,0,0.3,160,0,.000,0,,,0,0,0,0
18,Rick DiPietro\dipieri01,31,NYI,3,3,0,3,0,12,83,71,.855,4.10,0,-0.1,176,0,.000,1,,,0,0,0,0
19,Devan Dubnyk\dubnyde01,26,EDM,38,37,14,16,6,90,1132,1042,.920,2.57,2,8.1,2101,20,.541,5,90,9.70,0,0,0,0
20,Brian Elliott\elliobr01,27,STL,24,20,14,8,1,49,526,477,.907,2.28,3,2.9,1292,12,.600,6,106,-2.67,0,0,0,0
21,Dan Ellis\ellisda01,32,CAR,19,16,6,8,2,52,555,503,.906,3.13,1,3.0,997,8,.500,4,106,-3.12,0,2,2,0
22,Ray Emery\emeryra01,30,CHI,21,19,17,1,0,36,460,424,.922,1.94,3,3.4,1116,12,.632,1,89,4.52,0,0,0,0
23,Jhonas Enroth\enrotjh01,24,BUF,12,9,4,4,1,27,332,305,.919,2.60,1,2.3,623,7,.778,1,92,2.24,0,0,0,0
24,Viktor Fasth\fasthvi01,30,ANA,25,23,15,6,2,52,661,609,.921,2.18,4,4.8,1428,14,.609,3,89,6.22,0,0,0,0
25,Marc-Andre Fleury\fleurma01,28,PIT,33,31,23,8,0,74,881,807,.916,2.39,1,5.9,1858,15,.484,5,95,3.60,0,2,2,2
26,Jeff Frazee\frazeje01,25,NJD,1,0,0,0,0,0,3,3,1.000,0.00,0,0.1,19,0,,0,,,0,0,0,0
27,Mathieu Garon\garonma01,35,TBL,18,16,5,9,2,44,427,383,.897,2.90,0,1.9,910,6,.375,4,117,-6.39,0,0,0,0
28,Jean-Sebastien Giguere\gigueje01,35,COL,18,14,5,4,4,43,469,426,.908,2.84,0,2.7,908,4,.286,1,104,-1.69,0,0,0,4
29,Thomas Greiss\greisth01,27,SJS,6,5,1,4,0,13,153,140,.915,2.53,1,1.0,308,3,.600,1,,,0,0,0,0
30,Philipp Grubauer\grubaph01,21,WSH,2,1,0,1,0,5,59,54,.915,3.57,0,0.4,84,0,.000,0,,,0,0,0,0
31,Jonas Gustavsson\gustajo01,28,DET,7,4,2,2,1,17,140,123,.879,2.92,0,0.3,349,2,.500,1,,,0,1,1,2
32,Matt Hackett\hackema01,22,MIN,1,1,0,1,0,5,33,28,.848,5.07,0,0.0,59,0,.000,1,,,0,0,0,0
33,Jaroslav Halak\halakja01,27,STL,16,15,6,5,1,29,286,257,.899,2.14,3,1.3,813,7,.467,4,115,-3.81,0,1,1,0
34,Josh Harding\hardijo01,28,MIN,5,3,1,1,0,10,73,63,.863,3.24,1,0.0,185,1,.333,2,,,0,0,0,0
35,Johan Hedberg\hedbejo01,39,NJD,19,19,6,10,3,51,435,384,.883,2.76,1,1.2,1108,9,.474,6,133,-12.69,0,1,1,4
36,Jonas Hiller\hillejo01,30,ANA,26,25,15,6,4,59,675,616,.913,2.36,1,4.2,1498,14,.560,2,99,0.45,0,1,1,2
37,Braden Holtby\holtbbr01,23,WSH,36,35,23,12,1,90,1123,1033,.920,2.58,4,8.0,2089,20,.571,5,91,8.91,0,2,2,2
38,Jimmy Howard\howarja02,28,DET,42,42,21,13,7,87,1129,1042,.923,2.13,5,8.4,2446,26,.619,7,87,12.44,0,1,1,0
39,Carter Hutton\huttoca01,27,CHI,1,1,0,1,0,3,28,25,.893,3.06,0,0.1,59,0,.000,0,,,0,0,0,0
40,Leland Irving\irvinle01,24,CGY,6,5,2,1,1,15,128,113,.883,3.33,0,0.3,270,1,.200,2,,,0,1,1,0
41,Chad Johnson\johnsch02,26,PHX,4,4,2,0,2,5,108,103,.954,1.22,1,1.2,247,3,.750,0,,,0,0,0,0
42,Nikolai Khabibulin\khabini01,40,EDM,12,11,4,6,1,29,376,347,.923,2.55,1,2.8,684,6,.545,1,88,4.12,0,0,0,0
43,Anton Khudobin\khudoan01,26,BOS,14,14,9,4,1,31,388,357,.920,2.32,1,2.8,803,8,.571,3,91,3.17,0,0,0,4
44,Keith Kinkaid\kinkake01,23,NJD,1,0,0,0,0,1,13,12,.923,2.33,0,0.1,26,0,,0,,,0,0,0,0
45,Miikka Kiprusoff\kiprumi01,36,CGY,24,24,8,14,2,77,650,573,.882,3.44,0,1.6,1344,10,.417,9,134,-19.75,0,1,1,0
46,Darcy Kuemper\kuempda01,22,MIN,6,3,1,2,0,10,119,109,.916,2.08,0,0.8,288,2,.667,0,,,0,0,0,0
47,Jason LaBarbera\labarja01,33,PHX,15,10,4,6,2,32,418,386,.923,2.64,0,3.1,726,5,.500,0,87,4.82,0,0,0,0
48,Robin Lehner\lehnero01,21,OTT,12,12,5,3,4,27,424,397,.936,2.20,0,3.8,735,10,.833,0,72,10.34,0,0,0,0
49,Kari Lehtonen\lehtoka01,29,DAL,36,35,15,14,3,88,1050,962,.916,2.66,1,7.0,1986,21,.600,5,95,4.48,0,2,2,0
50,Michael Leighton\leighmi01,31,PHI,1,1,0,1,0,5,26,21,.808,5.07,0,-0.2,59,0,.000,1,,,0,0,0,0
51,Anders Lindback\lindban01,24,TBL,24,21,10,10,1,63,642,579,.902,2.90,0,3.2,1304,11,.524,3,111,-6.45,0,1,1,0
52,Henrik Lundqvist\lundqhe01,30,NYR,43,43,24,16,3,88,1190,1102,.926,2.05,2,9.3,2575,29,.674,1,84,16.81,0,1,1,0
53,Roberto Luongo\luongro01,33,VAN,20,18,9,6,3,51,551,500,.907,2.56,2,3.1,1197,11,.611,3,105,-2.47,0,0,0,0
54,Joey MacDonald\macdojo01,32,CGY,21,17,8,9,1,55,562,507,.902,2.87,0,2.8,1148,7,.412,3,111,-5.50,0,0,0,0
55,Jacob Markstrom\marksja02,23,FLA,23,23,8,14,1,68,685,617,.901,3.22,0,3.3,1266,9,.391,6,113,-7.67,0,0,0,0
56,Chris Mason\masonch02,36,NSH,11,6,1,7,1,29,229,200,.873,3.73,0,0.4,467,3,.500,2,144,-8.83,0,0,0,0
57,Steve Mason\masonst01,24,TOT,20,17,7,8,1,47,561,514,.916,2.59,0,3.7,1090,7,.412,1,95,2.41,0,1,1,0
57,Steve Mason\masonst01,24,CBJ,13,11,3,6,1,35,346,311,.899,2.95,0,1.6,712,3,.273,1,115,-4.53,0,0,0,0
57,Steve Mason\masonst01,24,PHI,7,6,4,2,0,12,215,203,.944,1.90,0,2.2,378,4,.667,0,63,6.94,0,1,1,0
58,Ryan Miller\millery01,32,BUF,40,39,17,17,5,108,1270,1162,.915,2.81,0,8.3,2302,21,.538,4,97,3.86,0,0,0,2
59,Al Montoya\montoal01,27,WPG,7,5,3,1,0,17,168,151,.899,2.90,1,0.8,351,2,.400,2,,,0,0,0,0
60,Petr Mrazek\mrazepe01,20,DET,2,2,1,1,0,4,51,47,.922,2.01,0,0.4,119,1,.500,0,,,0,0,0,0
61,Evgeni Nabokov\nabokev01,37,NYI,41,41,23,11,7,103,1139,1036,.910,2.50,3,6.7,2475,20,.488,5,103,-2.68,0,4,4,6
62,Michal Neuvirth\neuvimi01,24,WSH,13,12,4,5,2,33,367,334,.910,2.74,0,2.2,723,7,.583,2,102,-0.68,0,0,0,0
63,Antti Niemi\niemian02,29,SJS,43,43,24,12,6,93,1220,1127,.924,2.16,4,9.2,2581,29,.674,3,87,14.45,0,1,1,2
64,Cristopher Nilstorp\nihlsch01,28,DAL,5,5,1,3,1,15,146,131,.897,3.09,0,0.6,291,2,.400,2,,,0,0,0,0
65,Ondrej Pavelec\pavelon01,25,WPG,44,43,21,20,3,119,1251,1132,.905,2.80,0,6.6,2553,19,.442,8,108,-8.82,0,0,0,2
66,Justin Peters\peterju01,26,CAR,19,16,4,11,1,55,506,451,.891,3.46,1,1.9,954,6,.375,3,123,-10.43,0,0,0,0
67,Kevin Poulin\poulike01,22,NYI,5,4,1,3,0,13,122,109,.893,3.03,0,0.5,258,2,.500,1,,,0,0,0,0
68,Carey Price\priceca01,25,MTL,39,38,21,13,4,97,1018,921,.905,2.59,3,5.4,2249,21,.553,8,108,-7.34,0,0,0,0
69,Jonathan Quick\quickjo01,27,LAK,37,36,18,13,4,87,889,802,.902,2.45,1,4.4,2134,20,.556,9,111,-8.70,0,0,0,2
70,Tuukka Rask\rasktu01,25,BOS,36,34,19,10,5,70,980,910,.929,2.00,5,8.0,2104,25,.735,4,81,16.32,0,1,1,0
71,James Reimer\reimeja01,24,TOR,33,31,19,8,5,76,995,919,.924,2.46,4,7.5,1856,17,.548,2,87,11.64,0,1,1,0
72,Pekka Rinne\rinnepe01,30,NSH,43,42,15,16,8,99,1101,1002,.910,2.43,5,6.5,2444,22,.524,10,102,-2.03,0,1,1,8
73,Jussi Rynnas\rynnaju01,25,TOR,1,0,0,0,0,0,6,6,1.000,0.00,0,0.1,10,0,,0,,,0,0,0,0
74,Cory Schneider\schneco01,26,VAN,30,30,17,9,4,61,835,774,.927,2.11,5,6.6,1733,21,.700,4,83,12.54,0,1,1,0
75,Ben Scrivens\scrivbe01,26,TOR,20,17,7,9,0,46,542,496,.915,2.69,2,3.5,1025,10,.588,3,96,1.74,0,0,0,6
76,Mike Smith\smithmi01,30,PHX,34,34,15,12,5,84,938,854,.910,2.58,5,5.6,1956,17,.500,7,102,-1.38,0,0,0,0
77,Alex Stalock\staloal01,25,SJS,2,0,0,0,1,2,13,11,.846,2.87,0,0.0,42,0,,0,,,0,0,0,0
78,Daniel Taylor\tayloda02,26,CGY,2,2,1,1,0,6,68,62,.912,3.00,0,0.4,120,1,.500,0,,,0,0,0,0
79,Jose Theodore\theodjo01,36,FLA,15,14,4,6,3,42,391,349,.893,3.29,0,1.5,766,5,.357,5,122,-7.56,0,0,0,2
80,Semyon Varlamov\varlasi01,24,COL,35,33,11,21,3,98,1007,909,.903,3.02,3,5.1,1950,12,.364,7,110,-9.31,0,1,1,0
81,Tomas Vokoun\vokouto01,36,PIT,20,17,13,4,0,42,519,477,.919,2.45,3,3.6,1029,9,.529,5,92,3.71,0,2,2,2
82,Cam Ward\wardca01,28,CAR,17,16,9,6,1,44,477,433,.908,2.84,0,2.7,929,8,.500,3,105,-1.99,0,0,0,0