,,,,Goalie Stats,Goalie Stats,Goalie Stats,Goalie Stats,Goalie Stats,Goalie Stats,,,,Goalie Stats,Goalie Stats,,Goalie Stats,Goalie Stats,Goalie Stats,Goalie Stats,Goalie Stats,Goalie Stats,Scoring,Scoring,Scoring,Scoring
Rk,Player,Age,Tm,GP,GS,W,L,T/O,GA,SA,SV,SV%,GAA,SO,GPS,MIN,QS,QS%,RBS,GA%-,GSAA,G,A,PTS,PIM
1,Jake Allen\allenja01,25,STL,47,44,26,15,3,101,1260,1159,.920,2.35,6,8.2,2583,26,.591,6,94,6.28,0,0,0,0
2,Frederik Andersen\anderfr01,26,ANA,43,37,22,9,7,88,1086,998,.919,2.30,3,7.0,2298,24,.649,5,95,4.46,0,1,1,2
3,Craig Anderson\andercr01,34,OTT,60,60,31,23,5,161,1915,1754,.916,2.78,4,11.6,3477,31,.517,8,99,2.05,0,2,2,0
4,Richard Bachman\bachmri01,28,VAN,1,1,1,0,0,3,31,28,.903,3.01,0,0.1,60,0,.000,0,,,0,0,0,0
5,Niklas Backstrom\backsni01,37,CGY,4,3,2,2,0,13,109,96,.881,3.35,0,0.2,233,2,.667,1,,,0,0,0,0
6,Jonathan Bernier\bernijo01,27,TOR,38,36,12,21,3,103,1114,1011,.908,2.88,3,5.6,2147,19,.528,8,109,-8.15,0,0,0,2
7,Reto Berra\berrare01,29,COL,14,12,5,8,0,29,374,345,.922,2.41,2,2.5,721,7,.583,2,91,2.84,0,1,1,2
8,Jean-Francois Berube\berubje02,24,NYI,7,6,3,2,1,18,210,192,.914,2.71,0,1.2,399,4,.667,1,,,0,0,0,0
9,Jordan Binnington\binnijo01,22,STL,1,0,0,0,0,1,4,3,.750,4.69,0,-0.1,13,0,,0,,,0,0,0,0
10,Ben Bishop\bishobe01,29,TBL,61,60,35,21,4,123,1672,1549,.926,2.06,6,12.2,3585,37,.617,4,86,19.36,0,1,1,4
11,Sergei Bobrovsky\bobrose01,27,CBJ,37,37,15,19,1,97,1049,952,.908,2.75,1,5.3,2116,18,.486,8,109,-7.69,0,2,2,2
12,Laurent Brossoit\brossla01,22,EDM,5,5,0,4,1,18,142,124,.873,3.61,0,0.1,300,1,.200,2,,,0,0,0,0
13,Peter Budaj\budajpe01,33,LAK,1,1,1,0,0,4,28,24,.857,3.85,0,0.0,62,0,.000,0,,,0,0,0,0
14,Mike Condon\condomi01,25,MTL,55,51,21,25,6,141,1458,1317,.903,2.71,1,6.6,3123,24,.471,9,114,-16.86,0,0,0,0
15,Pheonix Copley\copleph01,24,STL,1,0,0,0,0,1,6,5,.833,2.46,0,0.0,24,0,,0,,,0,0,0,0
16,Corey Crawford\crawfco01,31,CHI,58,58,35,18,5,131,1718,1587,.924,2.37,7,12.0,3323,40,.690,9,90,15.27,0,1,1,2
17,Yann Danis\danisya01,34,NJD,2,0,0,1,0,4,18,14,.778,4.75,0,-0.2,51,0,,0,,,0,0,0,0
18,Scott Darling\darlisc01,27,CHI,29,24,12,8,4,67,784,717,.915,2.58,1,4.6,1560,13,.542,5,100,-0.25,0,0,0,0
19,Louis Domingue\dominlo01,23,ARI,39,36,15,18,5,101,1142,1041,.912,2.75,2,6.3,2206,20,.556,5,104,-3.77,0,1,1,0
20,Chris Driedger\driedch01,21,OTT,1,0,0,0,0,0,11,11,1.000,0.00,0,0.2,32,0,,0,,,0,0,0,0
21,Devan Dubnyk\dubnyde01,29,MIN,67,66,32,26,6,150,1829,1679,.918,2.33,5,11.5,3861,34,.515,5,96,5.73,0,0,0,8
22,Brian Elliott\elliobr01,30,STL,42,38,23,8,6,78,1113,1035,.930,2.07,4,8.6,2261,26,.684,6,82,16.76,0,0,0,2
23,Jhonas Enroth\enrotjh01,27,LAK,16,13,7,5,1,31,398,367,.922,2.17,2,2.7,856,8,.615,1,91,2.89,0,0,0,0
24,Marc-Andre Fleury\fleurma01,31,PIT,58,58,35,17,6,132,1665,1533,.921,2.29,5,11.0,3463,33,.569,5,93,9.76,0,1,1,2
25,Anton Forsberg\forsban01,23,CBJ,4,3,1,3,0,9,97,88,.907,3.03,0,0.5,178,1,.333,0,,,0,0,0,0
26,Christopher Gibson\gibsoch01,23,NYI,4,2,1,1,1,11,93,82,.882,3.40,0,0.2,194,0,.000,1,,,0,0,0,0
27,John Gibson\gibsojo02,22,ANA,40,38,21,13,4,79,992,913,.920,2.07,4,6.5,2295,21,.553,3,94,5.46,0,1,1,2
28,Thomas Greiss\greisth01,30,NYI,41,38,23,11,4,90,1197,1107,.925,2.36,1,8.5,2287,22,.579,2,88,11.92,0,1,1,2
29,Philipp Grubauer\grubaph01,24,WSH,22,16,8,9,1,43,523,480,.918,2.32,0,3.3,1111,7,.438,2,97,1.53,0,0,0,2
30,Kristers Gudlevskis\gudlekr01,23,TBL,1,1,0,0,1,1,32,31,.969,1.00,0,0.4,60,1,1.000,0,,,0,0,0,0
31,Jonas Gustavsson\gustajo01,31,BOS,24,20,11,9,1,57,622,565,.908,2.72,1,3.2,1258,9,.450,2,108,-4.04,0,0,0,0
32,Jaroslav Halak\halakja01,30,NYI,36,36,18,13,4,80,984,904,.919,2.30,3,6.3,2091,21,.583,6,95,3.78,0,1,1,0
33,Andrew Hammond\hammoan01,27,OTT,24,21,7,11,4,61,712,651,.914,2.65,1,4.2,1382,13,.619,1,101,-0.38,0,0,0,2
34,Magnus Hellberg\hellbma01,24,NYR,1,0,0,0,0,2,6,4,.667,6.00,0,-0.1,20,0,,0,,,0,0,0,0
35,Connor Hellebuyck\helleco01,22,WPG,26,26,13,11,1,56,683,627,.918,2.34,2,4.3,1433,14,.538,6,96,2.15,0,0,0,0
36,Jonas Hiller\hillejo01,33,CGY,26,23,9,11,1,79,654,575,.879,3.51,1,1.1,1351,7,.304,8,142,-23.32,0,0,0,0
37,Braden Holtby\holtbbr01,26,WSH,66,66,48,9,7,141,1802,1661,.922,2.20,3,12.1,3841,42,.636,6,92,12.43,0,1,1,6
38,Jimmy Howard\howarja02,31,DET,37,33,14,14,5,92,979,887,.906,2.80,2,4.8,1974,16,.485,6,110,-8.65,0,1,1,2
39,Michael Hutchinson\hutchmi01,25,WPG,30,25,9,15,3,75,805,730,.907,2.84,0,4.0,1586,9,.360,3,109,-6.46,0,0,0,0
40,Carter Hutton\huttoca01,30,NSH,17,15,7,5,4,38,464,426,.918,2.33,2,2.9,979,7,.467,1,96,1.51,0,1,1,0
41,Chad Johnson\johnsch02,29,BUF,45,40,22,16,4,102,1270,1168,.920,2.36,1,8.2,2591,23,.575,3,94,6.13,0,2,2,0
42,Martin Jones\jonesma02,26,SJS,65,65,37,23,4,143,1734,1591,.918,2.27,6,10.8,3786,36,.554,9,97,4.64,0,0,0,0
43,Jason Kasdorf\kasdoja01,23,BUF,1,1,0,1,0,4,30,26,.867,4.00,0,0.0,60,0,.000,0,,,0,0,0,0
44,Anton Khudobin\khudoan01,29,ANA,9,7,3,3,0,16,175,159,.909,2.69,1,0.9,356,3,.429,3,,,0,0,0,0
45,Keith Kinkaid\kinkake01,26,NJD,23,20,9,9,1,58,605,547,.904,2.81,2,2.8,1240,10,.500,5,113,-6.49,0,0,0,2
46,Joonas Korpisalo\korpijo01,21,CBJ,31,30,16,11,4,78,969,891,.920,2.60,0,6.3,1803,16,.533,1,95,4.50,0,0,0,2
47,Darcy Kuemper\kuempda01,25,MIN,21,16,6,7,5,43,507,464,.915,2.43,2,3.0,1063,8,.500,2,100,0.17,0,0,0,2
48,Eddie Lack\lacked01,28,CAR,34,31,12,14,6,90,910,820,.901,2.81,2,3.9,1920,14,.452,7,116,-12.52,0,2,2,0
49,Robin Lehner\lehnero01,24,BUF,21,21,5,9,5,48,634,586,.924,2.47,1,4.5,1164,13,.619,3,89,5.98,0,1,1,8
50,Kari Lehtonen\lehtoka01,32,DAL,43,39,25,10,2,105,1121,1016,.906,2.76,2,5.5,2279,20,.513,5,110,-9.56,0,3,3,2
51,Michael Leighton\leighmi01,34,CHI,1,0,0,0,0,1,17,16,.941,1.52,0,0.2,39,0,,0,,,0,0,0,0
52,Anders Lindback\lindban01,27,ARI,19,13,5,7,1,47,443,396,.894,3.11,0,1.5,906,5,.385,4,125,-9.28,0,1,1,0
53,Charlie Lindgren\lindgch01,22,MTL,1,1,1,0,0,2,28,26,.929,2.00,0,0.2,60,1,1.000,0,,,0,0,0,0
54,Henrik Lundqvist\lundqhe01,33,NYR,65,64,35,21,7,156,1944,1788,.920,2.48,4,12.6,3772,39,.609,6,94,9.52,0,4,4,4
55,Roberto Luongo\luongro01,36,FLA,62,60,35,19,6,141,1801,1660,.922,2.35,4,12.1,3602,34,.567,8,92,12.34,0,2,2,4
56,Jacob Markstrom\marksja02,26,VAN,33,30,13,14,4,84,988,904,.915,2.73,0,5.9,1847,17,.567,4,100,0.12,0,2,2,4
57,Steve Mason\masonst01,27,PHI,54,53,23,19,10,132,1602,1470,.918,2.51,4,10.0,3150,28,.528,5,97,4.40,0,0,0,2
58,Curtis McElhinney\mcelhcu01,32,CBJ,18,12,2,7,3,46,417,371,.890,3.30,0,1.2,835,3,.250,3,130,-10.50,0,1,1,0
59,Ryan Miller\millery01,35,VAN,51,51,17,24,9,137,1634,1497,.916,2.70,1,9.9,3043,25,.490,2,98,2.12,0,1,1,2
60,Al Montoya\montoal01,30,FLA,25,22,12,7,3,49,608,559,.919,2.18,0,3.9,1351,14,.636,3,95,2.77,0,0,0,2
61,Petr Mrazek\mrazepe01,23,DET,54,49,27,16,6,115,1448,1333,.921,2.33,4,9.5,2961,31,.633,5,93,8.29,0,2,2,2
62,Matt Murray\murrama02,21,PIT,13,13,9,2,1,25,355,330,.930,2.00,1,2.7,749,10,.769,0,83,5.23,0,0,0,0
63,Michal Neuvirth\neuvimi01,27,PHI,32,29,18,8,4,69,908,839,.924,2.27,3,6.4,1825,17,.586,3,89,8.31,0,1,1,2
64,Antti Niemi\niemian02,32,DAL,48,43,25,13,7,118,1246,1128,.905,2.67,3,5.9,2654,19,.442,8,111,-11.91,0,2,2,2
65,Anders Nilsson\nilssan01,25,TOT,29,24,10,13,2,78,789,711,.901,3.12,0,3.4,1500,11,.458,5,116,-10.82,0,1,1,4
65,Anders Nilsson\nilssan01,25,EDM,26,24,10,12,2,74,745,671,.901,3.14,0,3.1,1413,11,.458,5,117,-10.57,0,1,1,4
65,Anders Nilsson\nilssan01,25,STL,3,0,0,1,0,4,44,40,.909,2.75,0,0.2,87,0,,0,,,0,0,0,0
66,Matt O'Connor\oconnma01,23,OTT,1,1,0,1,0,3,34,31,.912,3.10,0,0.2,58,0,.000,0,,,0,0,0,0
67,Joni Ortio\ortiojo01,24,CGY,22,19,7,9,5,55,564,509,.902,2.76,1,2.5,1196,9,.474,3,115,-6.98,0,0,0,2
68,Ondrej Pavelec\pavelon01,28,WPG,33,31,13,13,4,88,918,830,.904,2.78,1,4.3,1899,14,.452,6,113,-9.84,0,0,0,0
69,Calvin Pickard\pickaca01,23,COL,20,13,7,6,1,42,539,497,.922,2.56,1,3.6,985,8,.615,1,92,3.89,0,1,1,0
70,Carey Price\priceca01,28,MTL,12,12,10,2,0,24,365,341,.934,2.06,2,3.0,698,8,.667,1,77,7.08,0,0,0,0
71,Jonathan Quick\quickjo01,30,LAK,68,68,40,23,5,149,1820,1671,.918,2.22,5,11.5,4034,38,.559,9,96,5.96,0,3,3,10
72,Antti Raanta\raantan01,26,NYR,25,18,11,6,2,43,530,487,.919,2.24,1,3.4,1145,12,.667,4,95,2.13,0,0,0,0
73,Karri Ramo\ramoka01,29,CGY,37,37,17,18,1,94,1034,940,.909,2.63,1,5.4,2145,20,.541,4,107,-5.96,0,1,1,0
74,Tuukka Rask\rasktu01,28,BOS,64,62,31,22,8,157,1854,1697,.915,2.56,4,11.1,3678,34,.548,10,99,0.85,0,1,1,0
75,James Reimer\reimeja01,27,TOT,40,37,17,14,7,88,1128,1040,.922,2.31,3,7.6,2290,22,.595,6,92,8.04,0,0,0,0
75,James Reimer\reimeja01,27,TOR,32,29,11,12,7,75,920,845,.918,2.49,0,5.8,1809,17,.586,5,96,3.33,0,0,0,0
75,James Reimer\reimeja01,27,SJS,8,8,6,2,0,13,208,195,.938,1.62,3,1.8,481,5,.625,1,,,0,0,0,0
76,Pekka Rinne\rinnepe01,33,NSH,66,66,34,21,10,161,1744,1583,.908,2.48,4,8.8,3895,32,.485,11,108,-12.51,0,2,2,6
77,Juuse Saros\sarosju01,20,NSH,1,1,0,1,0,3,23,20,.870,3.10,0,0.0,58,0,.000,0,,,0,0,0,0
78,Cory Schneider\schneco01,29,NJD,58,58,27,25,6,122,1597,1475,.924,2.15,4,11.1,3412,40,.690,7,90,13.97,0,0,0,0
79,Ben Scrivens\scrivbe01,29,MTL,15,14,5,8,0,42,447,405,.906,3.07,0,2.2,822,4,.286,2,110,-3.94,0,0,0,0
80,Mike Smith\smithmi01,33,ARI,32,32,15,13,2,77,921,844,.916,2.64,3,5.6,1753,16,.500,7,98,1.42,0,1,1,2
81,Garret Sparks\sparkga01,22,TOR,17,17,6,9,1,49,456,407,.893,3.02,1,1.5,975,6,.353,4,126,-10.18,0,0,0,0
82,Alex Stalock\staloal01,28,SJS,13,9,3,5,2,33,285,252,.884,2.94,0,0.6,674,2,.222,5,,,0,1,1,0
83,Cam Talbot\talboca01,28,EDM,56,53,21,27,5,137,1648,1511,.917,2.55,3,10.1,3223,26,.491,4,98,3.31,0,1,1,0
84,Dustin Tokarski\tokardu01,26,MTL,6,4,1,3,0,12,98,86,.878,3.18,0,0.1,226,1,.250,2,,,0,0,0,0
85,Niklas Treutle\treutni01,24,ARI,2,1,0,1,0,5,20,15,.750,6.04,0,-0.3,50,0,.000,1,,,0,0,0,2
86,Linus Ullmark\ullmali01,22,BUF,20,20,8,10,2,49,565,516,.913,2.60,0,3.2,1131,12,.600,4,102,-0.89,0,0,0,0
87,Semyon Varlamov\varlasi01,27,COL,57,57,27,25,3,148,1714,1566,.914,2.81,2,9.9,3159,25,.439,10,101,-2.07,0,0,0,6
88,Andrei Vasilevskiy\vasilan02,21,TBL,24,21,11,10,0,58,646,588,.910,2.76,1,3.5,1259,7,.333,3,105,-3.00,0,0,0,0
89,Cam Ward\wardca01,31,CAR,52,51,23,17,10,122,1343,1221,.909,2.41,1,7.0,3038,23,.451,7,107,-7.65,0,0,0,0
90,Scott Wedgewood\wedgesc01,23,NJD,4,4,2,1,1,5,116,111,.957,1.25,1,1.3,241,3,.750,0,,,0,0,0,0
91,Roman Will\willro01,23,COL,1,0,0,0,0,1,3,2,.667,3.25,0,-0.1,18,0,,0,,,0,0,0,0
92,Jeff Zatkoff\zatkoje01,28,PIT,14,11,4,7,1,34,408,374,.917,2.79,0,2.5,732,7,.636,3,98,0.74,0,0,0,0